********************************************************************************
STREME - Sensitive, Thorough, Rapid, Enriched Motif Elicitation
********************************************************************************
MEME version 5.5.1 (Release date: Sun Jan 29 10:33:12 2023 -0800)

For further information on how to interpret these results please access http://localhost:8080/meme_5.5.1.
To get a copy of the MEME Suite software please access https://meme-suite.org.

********************************************************************************


********************************************************************************
REFERENCE
********************************************************************************
If you use this program in your research, please cite:

Timothy L. Bailey,
"STREME: accurate and versatile sequence motif discovery",
Bioinformatics, Mar. 24, 2021.
********************************************************************************


ALPHABET= ACGT

strands: + -

Background letter frequencies
A 0.223 C 0.277 G 0.277 T 0.223 

MOTIF 1-VNRGCAGCTGCYNB STREME-1
letter-probability matrix: alength= 4 w= 14 nsites= 2334 E= 9.0e-020
 0.265219 0.204530 0.375190 0.155061
 0.245698 0.280941 0.296567 0.176794
 0.398232 0.085668 0.324551 0.191549
 0.191998 0.238392 0.569595 0.000016
 0.000016 0.999948 0.000020 0.000016
 0.999944 0.000020 0.000020 0.000016
 0.000016 0.164701 0.775179 0.060104
 0.060104 0.775179 0.164701 0.000016
 0.000016 0.000020 0.000020 0.999944
 0.000016 0.000020 0.999948 0.000016
 0.000016 0.569595 0.238392 0.191998
 0.191549 0.324551 0.085668 0.398232
 0.176794 0.296567 0.280941 0.245698
 0.155061 0.375190 0.204530 0.265219

MOTIF 2-GCAGVTGKG STREME-2
letter-probability matrix: alength= 4 w= 9 nsites= 658 E= 3.0e-004
 0.000163 0.000201 0.999473 0.000163
 0.000163 0.999473 0.000201 0.000163
 0.973393 0.010045 0.016399 0.000163
 0.000163 0.010297 0.989378 0.000163
 0.290931 0.360018 0.348888 0.000163
 0.000163 0.000201 0.000201 0.999434
 0.000163 0.000201 0.999473 0.000163
 0.021129 0.028861 0.527944 0.422066
 0.042614 0.263722 0.638300 0.055363

MOTIF 3-CCTCCCACA STREME-3
letter-probability matrix: alength= 4 w= 9 nsites= 133 E= 5.2e-004
 0.027139 0.876469 0.000902 0.095489
 0.039458 0.905421 0.000902 0.054219
 0.000729 0.000902 0.010283 0.988086
 0.106471 0.891898 0.000902 0.000729
 0.000729 0.975038 0.023504 0.000729
 0.000729 0.932878 0.000902 0.065491
 0.813106 0.101005 0.023502 0.062387
 0.000729 0.997640 0.000902 0.000729
 0.760882 0.030622 0.058324 0.150172

MOTIF 4-AACAAWGGVM STREME-4
letter-probability matrix: alength= 4 w= 10 nsites= 305 E= 3.5e-002
 0.726465 0.000162 0.269176 0.004197
 0.999544 0.000162 0.000162 0.000131
 0.000131 0.949786 0.000162 0.049921
 0.999544 0.000162 0.000162 0.000131
 0.999544 0.000162 0.000162 0.000131
 0.425005 0.024559 0.000162 0.550273
 0.281580 0.000162 0.718127 0.000131
 0.305476 0.024559 0.633238 0.036727
 0.276439 0.214270 0.402098 0.107192
 0.434660 0.268695 0.146618 0.150027

MOTIF 5-GAGTCAC STREME-5
letter-probability matrix: alength= 4 w= 7 nsites= 199 E= 5.2e-002
 0.164299 0.000961 0.686926 0.147814
 0.994672 0.003591 0.000961 0.000776
 0.000776 0.122412 0.876036 0.000776
 0.000776 0.000961 0.000961 0.997302
 0.030932 0.850091 0.111331 0.007646
 0.973243 0.000961 0.025020 0.000776
 0.005004 0.916601 0.000961 0.077434

MOTIF 6-GCAGCTGCA STREME-6
letter-probability matrix: alength= 4 w= 9 nsites= 51 E= 5.4e-002
 0.020309 0.025145 0.934236 0.020309
 0.020309 0.934236 0.025145 0.020309
 0.929400 0.025145 0.025145 0.020309
 0.020309 0.025145 0.934236 0.020309
 0.020309 0.934236 0.025145 0.020309
 0.020309 0.025145 0.025145 0.929400
 0.020309 0.025145 0.934236 0.020309
 0.020309 0.934236 0.025145 0.020309
 0.929400 0.025145 0.025145 0.020309

MOTIF 7-CCATCTGKC STREME-7
letter-probability matrix: alength= 4 w= 9 nsites= 170 E= 7.3e-002
 0.000510 0.998347 0.000632 0.000510
 0.000510 0.982516 0.000632 0.016341
 0.998226 0.000632 0.000632 0.000510
 0.000510 0.323680 0.000632 0.675178
 0.000510 0.998347 0.000632 0.000510
 0.000510 0.063956 0.000632 0.934902
 0.000510 0.000632 0.951563 0.047294
 0.000510 0.000632 0.573058 0.425799
 0.078668 0.772741 0.000632 0.147959

MOTIF 8-AAAACAAA STREME-8
letter-probability matrix: alength= 4 w= 8 nsites= 199 E= 1.0e-001
 0.988135 0.000509 0.000509 0.010846
 0.696327 0.031839 0.193894 0.077941
 0.674825 0.037993 0.075991 0.211192
 0.783859 0.000509 0.000509 0.215123
 0.000411 0.852241 0.129959 0.017389
 0.927404 0.050262 0.000509 0.021825
 0.998570 0.000509 0.000509 0.000411
 0.944209 0.000509 0.000509 0.054772

MOTIF 9-GGGGGAGGGGVR STREME-9
letter-probability matrix: alength= 4 w= 12 nsites= 193 E= 1.3e-001
 0.065172 0.006143 0.878959 0.049725
 0.000190 0.053403 0.893050 0.053357
 0.132453 0.000236 0.867121 0.000190
 0.035635 0.000236 0.963939 0.000190
 0.017913 0.000236 0.981661 0.000190
 0.696942 0.100795 0.012051 0.190212
 0.093705 0.000236 0.862067 0.043993
 0.008549 0.000236 0.991024 0.000190
 0.000190 0.000236 0.999383 0.000190
 0.103068 0.055854 0.840887 0.000190
 0.398395 0.241984 0.321535 0.038086
 0.319634 0.136106 0.399293 0.144968

MOTIF 10-TAATGAAAK STREME-10
letter-probability matrix: alength= 4 w= 9 nsites= 145 E= 2.1e-001
 0.000474 0.104789 0.000586 0.894151
 0.922071 0.076869 0.000586 0.000474
 0.801283 0.094822 0.029968 0.073927
 0.065333 0.000586 0.000586 0.933495
 0.000474 0.000586 0.823969 0.174971
 0.968972 0.000586 0.000586 0.029855
 0.711291 0.118112 0.170123 0.000474
 0.740620 0.065445 0.078439 0.115496
 0.000474 0.039926 0.599411 0.360189

MOTIF 11-RGCAGGTGAWGGV STREME-11
letter-probability matrix: alength= 4 w= 13 nsites= 36 E= 4.3e-001
 0.583221 0.000637 0.415627 0.000515
 0.000515 0.000637 0.998334 0.000515
 0.000515 0.998334 0.000637 0.000515
 0.982250 0.000637 0.000637 0.016476
 0.016476 0.000637 0.982373 0.000515
 0.000515 0.032559 0.918528 0.048398
 0.102905 0.000637 0.016598 0.879860
 0.000515 0.000637 0.998334 0.000515
 0.684130 0.171068 0.144287 0.000515
 0.647066 0.000637 0.000637 0.351660
 0.255893 0.000637 0.663150 0.080320
 0.128204 0.055144 0.816138 0.000515
 0.367621 0.209614 0.358406 0.064359

MOTIF 12-ATTTGCATDYA STREME-12
letter-probability matrix: alength= 4 w= 11 nsites= 76 E= 3.2e+000
 0.791570 0.000321 0.167678 0.040431
 0.032397 0.000321 0.000321 0.966962
 0.032397 0.000321 0.000321 0.966962
 0.164282 0.000321 0.000321 0.835077
 0.175651 0.087333 0.736757 0.000259
 0.185051 0.738725 0.000321 0.075903
 0.983031 0.000321 0.016390 0.000259
 0.000259 0.032458 0.000321 0.966962
 0.403949 0.104769 0.236654 0.254629
 0.151547 0.428114 0.144941 0.275398
 0.517798 0.220585 0.111437 0.150181

MOTIF 13-CTCASCTGYCYCT STREME-13
letter-probability matrix: alength= 4 w= 13 nsites= 109 E= 7.0e+000
 0.118751 0.683398 0.197516 0.000334
 0.000334 0.000414 0.010788 0.988464
 0.000334 0.998917 0.000414 0.000334
 0.905473 0.000414 0.093778 0.000334
 0.010708 0.347052 0.641906 0.000334
 0.000334 0.967796 0.000414 0.031456
 0.000334 0.041909 0.000414 0.957342
 0.000334 0.010788 0.967796 0.021082
 0.010708 0.578779 0.052283 0.358230
 0.000334 0.822565 0.031535 0.145565
 0.160246 0.491402 0.073031 0.275321
 0.041830 0.756898 0.010788 0.190485
 0.035761 0.239092 0.135273 0.589874

MOTIF 14-CCATGGCAACC STREME-14
letter-probability matrix: alength= 4 w= 11 nsites= 75 E= 7.0e+000
 0.014226 0.970998 0.000550 0.014226
 0.000444 0.874525 0.041896 0.083135
 0.833073 0.055678 0.028114 0.083135
 0.152045 0.014332 0.000550 0.833073
 0.138261 0.055678 0.805617 0.000444
 0.096917 0.014332 0.888306 0.000444
 0.179608 0.626453 0.041896 0.152043
 0.882482 0.000550 0.110805 0.006163
 0.984674 0.014332 0.000550 0.000444
 0.000444 0.998561 0.000550 0.000444
 0.165827 0.565605 0.061397 0.207172

********************************************************************************
Stopped because 3 consecutive motifs exceeded the p-value threshold (0.05).
********************************************************************************
COMMAND:	streme --verbosity 1 --oc memechip_out/streme_out -dna --p memechip_out/seqs-centered --minw 6 --maxw 15 --order 2
********************************************************************************
CPU:		c91b168878c4
********************************************************************************
FINALTIME:	33.95 seconds
********************************************************************************
