DB 0 MOTIF	RVRGCAGSTGB	MEME-1
 -20.5	1
 -19.5	0
 -18.5	1
 -17.5	1
 -16.5	1.5
 -15.5	1
 -14.5	0.5
 -13.5	0
 -12.5	1
 -11.5	0
 -10.5	0
  -9.5	0
  -8.5	1
  -7.5	1.5
  -6.5	0
  -5.5	2
  -4.5	0
  -3.5	1
  -2.5	0.5
  -1.5	0
  -0.5	1
   0.5	4
   1.5	1
   2.5	2
   3.5	1
   4.5	1
   5.5	2
   6.5	1
   7.5	1.5
   8.5	2
   9.5	0
  10.5	3
  11.5	4
  12.5	2
  13.5	0.5
  14.5	1
  15.5	0
  16.5	1
  17.5	1
  18.5	1
  19.5	0
  20.5	0
DB 0 MOTIF	CASCTGCY	MEME-2
 -22.0	0
 -21.0	0
 -20.0	1
 -19.0	0
 -18.0	1
 -17.0	0.5
 -16.0	1
 -15.0	1.5
 -14.0	0
 -13.0	1
 -12.0	0
 -11.0	0
 -10.0	0
  -9.0	0
  -8.0	2
  -7.0	0.5
  -6.0	1
  -5.0	0
  -4.0	1
  -3.0	2.5
  -2.0	1
  -1.0	0
   0.0	1
   1.0	1.5
   2.0	2
   3.0	2.5
   4.0	0
   5.0	3
   6.0	0
   7.0	1.5
   8.0	1
   9.0	2
  10.0	0
  11.0	4
  12.0	4
  13.0	1
  14.0	1.5
  15.0	0
  16.0	0
  17.0	0
  18.0	2
  19.0	0
  20.0	1
  21.0	0
  22.0	0
DB 1 MOTIF	2-GCAGVTGKG	STREME-2
 -21.5	0
 -20.5	0
 -19.5	1
 -18.5	0.5
 -17.5	0
 -16.5	1.5
 -15.5	0
 -14.5	2
 -13.5	1
 -12.5	0
 -11.5	0
 -10.5	0
  -9.5	1
  -8.5	1
  -7.5	1
  -6.5	0
  -5.5	0
  -4.5	1.5
  -3.5	0
  -2.5	0
  -1.5	2
  -0.5	0
   0.5	1
   1.5	0.5
   2.5	1.5
   3.5	3
   4.5	0
   5.5	0.5
   6.5	1
   7.5	0
   8.5	0
   9.5	2
  10.5	2
  11.5	0
  12.5	3
  13.5	2
  14.5	1
  15.5	1
  16.5	0
  17.5	0
  18.5	0
  19.5	1
  20.5	0
  21.5	0
DB 1 MOTIF	5-GAGTCAC	STREME-5
 -22.5	0
 -21.5	0
 -20.5	0
 -19.5	0
 -18.5	0
 -17.5	0
 -16.5	0
 -15.5	0
 -14.5	0
 -13.5	0
 -12.5	0
 -11.5	0
 -10.5	0
  -9.5	0
  -8.5	0
  -7.5	0
  -6.5	0
  -5.5	0
  -4.5	0
  -3.5	0
  -2.5	1
  -1.5	0
  -0.5	1
   0.5	0
   1.5	1
   2.5	0
   3.5	1
   4.5	0
   5.5	0
   6.5	0
   7.5	1
   8.5	0
   9.5	1
  10.5	0
  11.5	0
  12.5	0
  13.5	0
  14.5	0
  15.5	1
  16.5	0
  17.5	0
  18.5	0
  19.5	0
  20.5	0
  21.5	0
  22.5	0
DB 1 MOTIF	6-GCAGCTGCA	STREME-6
 -21.5	0
 -20.5	0
 -19.5	1
 -18.5	0
 -17.5	0
 -16.5	0.5
 -15.5	0
 -14.5	1.5
 -13.5	1
 -12.5	0.5
 -11.5	0
 -10.5	0
  -9.5	1.5
  -8.5	0.5
  -7.5	1
  -6.5	0
  -5.5	3.33333
  -4.5	0
  -3.5	1
  -2.5	1
  -1.5	1
  -0.5	1
   0.5	0
   1.5	1.5
   2.5	0.5
   3.5	1
   4.5	2
   5.5	0.5
   6.5	1
   7.5	2
   8.5	0.333333
   9.5	1.33333
  10.5	2
  11.5	0
  12.5	3
  13.5	0
  14.5	0
  15.5	0
  16.5	1
  17.5	0
  18.5	0
  19.5	1
  20.5	1
  21.5	1
DB 1 MOTIF	7-CCATCTGKC	STREME-7
 -21.5	0
 -20.5	0
 -19.5	0
 -18.5	0
 -17.5	0
 -16.5	0
 -15.5	0
 -14.5	0
 -13.5	1
 -12.5	0
 -11.5	0
 -10.5	0
  -9.5	0.5
  -8.5	0
  -7.5	0
  -6.5	0
  -5.5	0
  -4.5	0
  -3.5	0
  -2.5	0
  -1.5	1
  -0.5	1
   0.5	0
   1.5	0
   2.5	1
   3.5	0
   4.5	0
   5.5	0
   6.5	0
   7.5	0
   8.5	0
   9.5	2
  10.5	2
  11.5	1
  12.5	1.5
  13.5	1
  14.5	1
  15.5	0
  16.5	0
  17.5	0
  18.5	0
  19.5	0
  20.5	0
  21.5	0
DB 1 MOTIF	11-RGCAGGTGAWGGV	STREME-11
 -19.5	1
 -18.5	0
 -17.5	0
 -16.5	0
 -15.5	0
 -14.5	0
 -13.5	0
 -12.5	0
 -11.5	0
 -10.5	1
  -9.5	0
  -8.5	1
  -7.5	0.5
  -6.5	0
  -5.5	0
  -4.5	1
  -3.5	0
  -2.5	0
  -1.5	0
  -0.5	0
   0.5	0
   1.5	1
   2.5	1
   3.5	0
   4.5	0
   5.5	1
   6.5	0
   7.5	0
   8.5	2
   9.5	0
  10.5	1
  11.5	1
  12.5	0
  13.5	0
  14.5	0.5
  15.5	0
  16.5	0
  17.5	0
  18.5	0
  19.5	0
