DB 0 MOTIF	RVRGCAGSTGB	MEME-1
-108.0	0
-107.0	0.5
-106.0	0
-105.0	0
-104.0	0
-103.0	0
-102.0	0
-101.0	0
-100.0	0
 -99.0	0
 -98.0	0
 -97.0	0
 -96.0	0
 -95.0	0
 -94.0	0
 -93.0	0
 -92.0	0
 -91.0	0
 -90.0	0
 -89.0	0
 -88.0	0
 -87.0	0
 -86.0	0
 -85.0	0
 -84.0	1
 -83.0	0
 -82.0	0
 -81.0	0
 -80.0	0
 -79.0	0
 -78.0	0
 -77.0	0
 -76.0	0
 -75.0	1
 -74.0	0
 -73.0	0
 -72.0	0
 -71.0	0
 -70.0	0
 -69.0	0
 -68.0	0
 -67.0	1
 -66.0	0
 -65.0	1
 -64.0	0
 -63.0	0
 -62.0	0
 -61.0	0
 -60.0	0
 -59.0	0
 -58.0	0
 -57.0	0
 -56.0	0
 -55.0	0
 -54.0	0.5
 -53.0	0
 -52.0	0
 -51.0	0
 -50.0	0
 -49.0	0
 -48.0	0
 -47.0	1
 -46.0	0
 -45.0	0
 -44.0	0
 -43.0	2
 -42.0	0
 -41.0	0.25
 -40.0	0
 -39.0	1
 -38.0	0
 -37.0	1
 -36.0	1
 -35.0	1
 -34.0	0
 -33.0	1
 -32.0	1
 -31.0	2
 -30.0	0
 -29.0	1
 -28.0	2
 -27.0	0
 -26.0	1
 -25.0	0
 -24.0	2
 -23.0	0
 -22.0	1
 -21.0	1
 -20.0	0
 -19.0	0
 -18.0	1
 -17.0	1
 -16.0	1
 -15.0	0
 -14.0	1
 -13.0	2
 -12.0	0
 -11.0	3
 -10.0	0
  -9.0	1.25
  -8.0	0
  -7.0	2
  -6.0	0.5
  -5.0	1
  -4.0	0
  -3.0	0
  -2.0	1
  -1.0	0
   0.0	0
   1.0	0
   2.0	2.5
   3.0	1
   4.0	0
   5.0	0
   6.0	0
   7.0	1
   8.0	1
   9.0	0
  10.0	1
  11.0	2
  12.0	2
  13.0	1
  14.0	2
  15.0	0
  16.0	1
  17.0	2
  18.0	0
  19.0	0
  20.0	0
  21.0	1
  22.0	1
  23.0	0
  24.0	0
  25.0	1
  26.0	0
  27.0	1
  28.0	1
  29.0	0
  30.0	1
  31.0	1
  32.0	1
  33.0	1
  34.0	2
  35.0	0
  36.0	1
  37.0	0
  38.0	0
  39.0	0
  40.0	1
  41.0	1.25
  42.0	0
  43.0	0
  44.0	2
  45.0	0
  46.0	2
  47.0	0
  48.0	0
  49.0	1
  50.0	0
  51.0	0
  52.0	0
  53.0	0
  54.0	1
  55.0	0.25
  56.0	2
  57.0	2
  58.0	0
  59.0	1.5
  60.0	0
  61.0	0
  62.0	1
  63.0	1
  64.0	0
  65.0	0
  66.0	0
  67.0	0
  68.0	1
  69.0	0
  70.0	1
  71.0	0
  72.0	0
  73.0	0
  74.0	0
  75.0	0
  76.0	0
  77.0	1
  78.0	0
  79.0	0
  80.0	0
  81.0	0
  82.0	0
  83.0	0
  84.0	0
  85.0	1
  86.0	0
  87.0	0
  88.0	0
  89.0	0
  90.0	0
  91.0	0
  92.0	0
  93.0	0
  94.0	0
  95.0	0
  96.0	1
  97.0	0
  98.0	0
  99.0	0
 100.0	0
 101.0	0
 102.0	1
 103.0	0
 104.0	0.5
 105.0	0
 106.0	0
 107.0	0
 108.0	0
DB 0 MOTIF	GCAGVTGK	MEME-2
-109.5	0
-108.5	0
-107.5	0
-106.5	0
-105.5	0.5
-104.5	0
-103.5	0
-102.5	0
-101.5	0
-100.5	0
 -99.5	0
 -98.5	0
 -97.5	0
 -96.5	0.1
 -95.5	0
 -94.5	0
 -93.5	0
 -92.5	0
 -91.5	0
 -90.5	0
 -89.5	0
 -88.5	0
 -87.5	0
 -86.5	0
 -85.5	2
 -84.5	0
 -83.5	0
 -82.5	1
 -81.5	0
 -80.5	0
 -79.5	0
 -78.5	0.1
 -77.5	0
 -76.5	0
 -75.5	0
 -74.5	0
 -73.5	1
 -72.5	0
 -71.5	0
 -70.5	0
 -69.5	0
 -68.5	2
 -67.5	0
 -66.5	0
 -65.5	0
 -64.5	0
 -63.5	0.5
 -62.5	0
 -61.5	0
 -60.5	1.1
 -59.5	0
 -58.5	0
 -57.5	0
 -56.5	1
 -55.5	1
 -54.5	0
 -53.5	0
 -52.5	0.5
 -51.5	0
 -50.5	1
 -49.5	0
 -48.5	1
 -47.5	0
 -46.5	0
 -45.5	0
 -44.5	1
 -43.5	0
 -42.5	0.1
 -41.5	0
 -40.5	0
 -39.5	0
 -38.5	0
 -37.5	2
 -36.5	1
 -35.5	0
 -34.5	2
 -33.5	0
 -32.5	2
 -31.5	0
 -30.5	1
 -29.5	1
 -28.5	1.1
 -27.5	2
 -26.5	0
 -25.5	0
 -24.5	0
 -23.5	0
 -22.5	1
 -21.5	0
 -20.5	1
 -19.5	1
 -18.5	1
 -17.5	0
 -16.5	0
 -15.5	1
 -14.5	2
 -13.5	1
 -12.5	1.5
 -11.5	1
 -10.5	1.1
  -9.5	2
  -8.5	0
  -7.5	0
  -6.5	2
  -5.5	2
  -4.5	0.5
  -3.5	1
  -2.5	0
  -1.5	0
  -0.5	0
   0.5	2
   1.5	1
   2.5	0
   3.5	0.6
   4.5	0
   5.5	2
   6.5	0
   7.5	1
   8.5	1
   9.5	0
  10.5	0
  11.5	1
  12.5	1.5
  13.5	1
  14.5	1
  15.5	2
  16.5	0.5
  17.5	0
  18.5	1
  19.5	1
  20.5	0
  21.5	0.1
  22.5	0
  23.5	1
  24.5	0
  25.5	1
  26.5	2
  27.5	0
  28.5	0
  29.5	0
  30.5	1
  31.5	1
  32.5	3
  33.5	0
  34.5	2
  35.5	0
  36.5	0
  37.5	0
  38.5	1
  39.5	1.1
  40.5	0
  41.5	0
  42.5	1
  43.5	0
  44.5	1
  45.5	1
  46.5	0
  47.5	0
  48.5	0
  49.5	0
  50.5	0
  51.5	0
  52.5	0
  53.5	0.6
  54.5	1
  55.5	1
  56.5	0
  57.5	1
  58.5	0
  59.5	0
  60.5	1
  61.5	1
  62.5	0
  63.5	0
  64.5	1
  65.5	0
  66.5	1
  67.5	0
  68.5	0
  69.5	0
  70.5	0
  71.5	0
  72.5	0
  73.5	0
  74.5	0
  75.5	0
  76.5	0
  77.5	0
  78.5	1
  79.5	0
  80.5	0
  81.5	0
  82.5	0
  83.5	0
  84.5	0
  85.5	0
  86.5	0
  87.5	0
  88.5	0.5
  89.5	0
  90.5	0
  91.5	0
  92.5	0
  93.5	0
  94.5	0
  95.5	0
  96.5	0
  97.5	1
  98.5	0
  99.5	0
 100.5	1
 101.5	0
 102.5	0
 103.5	0
 104.5	0
 105.5	0
 106.5	0
 107.5	0
 108.5	1
 109.5	0
DB 1 MOTIF	1-RGCAGCTGCY	STREME-1
-108.5	0
-107.5	0
-106.5	0
-105.5	0
-104.5	0
-103.5	0
-102.5	0
-101.5	0
-100.5	0
 -99.5	0
 -98.5	0
 -97.5	0
 -96.5	0.1
 -95.5	0
 -94.5	0
 -93.5	0
 -92.5	0
 -91.5	0
 -90.5	0
 -89.5	0
 -88.5	0
 -87.5	0
 -86.5	0
 -85.5	1
 -84.5	0
 -83.5	0
 -82.5	0
 -81.5	0
 -80.5	0
 -79.5	0
 -78.5	0.1
 -77.5	0
 -76.5	0
 -75.5	0
 -74.5	0
 -73.5	1
 -72.5	0
 -71.5	0
 -70.5	0
 -69.5	0
 -68.5	2
 -67.5	0
 -66.5	0
 -65.5	0
 -64.5	0
 -63.5	1
 -62.5	0
 -61.5	0
 -60.5	1.1
 -59.5	0
 -58.5	0
 -57.5	0
 -56.5	0
 -55.5	0
 -54.5	0
 -53.5	0
 -52.5	0.5
 -51.5	0
 -50.5	1
 -49.5	0
 -48.5	0
 -47.5	0
 -46.5	0
 -45.5	0
 -44.5	2
 -43.5	0
 -42.5	0.1
 -41.5	0
 -40.5	0
 -39.5	0
 -38.5	0
 -37.5	2
 -36.5	1
 -35.5	0
 -34.5	1
 -33.5	0
 -32.5	2
 -31.5	0
 -30.5	1
 -29.5	1
 -28.5	0.1
 -27.5	1
 -26.5	1
 -25.5	0
 -24.5	1
 -23.5	0
 -22.5	2
 -21.5	0
 -20.5	1
 -19.5	2
 -18.5	1
 -17.5	0
 -16.5	0
 -15.5	1
 -14.5	2
 -13.5	0
 -12.5	1.5
 -11.5	1
 -10.5	1.1
  -9.5	2
  -8.5	0
  -7.5	0
  -6.5	1
  -5.5	2
  -4.5	0.5
  -3.5	1
  -2.5	0
  -1.5	0
  -0.5	0
   0.5	2
   1.5	0
   2.5	0
   3.5	1.1
   4.5	0
   5.5	2
   6.5	0
   7.5	0
   8.5	1
   9.5	0
  10.5	1
  11.5	1
  12.5	1
  13.5	0
  14.5	0
  15.5	2.5
  16.5	0.5
  17.5	0
  18.5	1
  19.5	1
  20.5	0
  21.5	0.1
  22.5	0
  23.5	2
  24.5	1
  25.5	2
  26.5	2
  27.5	1
  28.5	0
  29.5	0
  30.5	1
  31.5	1
  32.5	2.5
  33.5	0
  34.5	2
  35.5	0
  36.5	0
  37.5	0
  38.5	0
  39.5	1.1
  40.5	0
  41.5	0
  42.5	1
  43.5	0
  44.5	1
  45.5	1
  46.5	0
  47.5	2
  48.5	0
  49.5	0
  50.5	0
  51.5	0
  52.5	0
  53.5	0.1
  54.5	1
  55.5	3
  56.5	0
  57.5	1
  58.5	0
  59.5	0
  60.5	1
  61.5	0
  62.5	0
  63.5	0
  64.5	0
  65.5	0
  66.5	0
  67.5	0
  68.5	0
  69.5	0
  70.5	0
  71.5	1
  72.5	0
  73.5	0
  74.5	0
  75.5	0
  76.5	0
  77.5	0
  78.5	1
  79.5	0
  80.5	0
  81.5	0
  82.5	0
  83.5	0
  84.5	0
  85.5	0
  86.5	1
  87.5	0
  88.5	1
  89.5	0
  90.5	1
  91.5	0
  92.5	0
  93.5	0
  94.5	0
  95.5	0
  96.5	0
  97.5	1
  98.5	0
  99.5	0
 100.5	1
 101.5	0
 102.5	0
 103.5	0
 104.5	0
 105.5	0
 106.5	0
 107.5	0
 108.5	1
DB 1 MOTIF	5-RGCAGGTGASRR	STREME-5
-107.5	0
-106.5	0
-105.5	0
-104.5	0
-103.5	1
-102.5	0
-101.5	0
-100.5	0
 -99.5	0
 -98.5	0
 -97.5	0
 -96.5	0
 -95.5	0
 -94.5	0
 -93.5	0
 -92.5	0
 -91.5	0
 -90.5	0
 -89.5	0
 -88.5	1
 -87.5	0
 -86.5	1
 -85.5	0
 -84.5	0
 -83.5	0
 -82.5	0
 -81.5	0
 -80.5	0
 -79.5	0
 -78.5	0
 -77.5	0
 -76.5	0
 -75.5	0
 -74.5	1
 -73.5	1
 -72.5	0
 -71.5	0
 -70.5	0
 -69.5	0
 -68.5	0
 -67.5	0
 -66.5	0
 -65.5	0
 -64.5	0
 -63.5	0
 -62.5	0
 -61.5	0
 -60.5	0
 -59.5	0
 -58.5	0
 -57.5	0
 -56.5	0
 -55.5	1
 -54.5	1
 -53.5	0
 -52.5	1
 -51.5	1
 -50.5	0
 -49.5	0
 -48.5	0
 -47.5	0
 -46.5	0
 -45.5	1
 -44.5	0
 -43.5	0
 -42.5	0
 -41.5	0
 -40.5	0
 -39.5	1
 -38.5	0
 -37.5	0
 -36.5	1
 -35.5	0
 -34.5	0
 -33.5	1
 -32.5	0
 -31.5	0
 -30.5	0
 -29.5	0
 -28.5	0
 -27.5	0
 -26.5	0
 -25.5	0
 -24.5	0
 -23.5	1
 -22.5	0
 -21.5	0
 -20.5	0
 -19.5	0
 -18.5	0
 -17.5	0
 -16.5	1
 -15.5	1
 -14.5	0
 -13.5	0
 -12.5	0
 -11.5	0
 -10.5	0
  -9.5	0
  -8.5	0
  -7.5	0
  -6.5	1
  -5.5	1
  -4.5	0
  -3.5	0
  -2.5	0
  -1.5	0
  -0.5	2
   0.5	0
   1.5	0
   2.5	0
   3.5	0
   4.5	0
   5.5	0
   6.5	0
   7.5	0
   8.5	0
   9.5	0
  10.5	0
  11.5	0
  12.5	0
  13.5	0
  14.5	0
  15.5	0
  16.5	1
  17.5	0
  18.5	0
  19.5	0
  20.5	0
  21.5	0
  22.5	0
  23.5	0
  24.5	0
  25.5	0
  26.5	0
  27.5	1
  28.5	0
  29.5	0
  30.5	0
  31.5	0
  32.5	0
  33.5	1
  34.5	0
  35.5	0
  36.5	0
  37.5	1
  38.5	0
  39.5	0
  40.5	1
  41.5	1
  42.5	1
  43.5	1
  44.5	0
  45.5	0
  46.5	0
  47.5	0
  48.5	1
  49.5	0
  50.5	1
  51.5	0
  52.5	0
  53.5	2
  54.5	0
  55.5	0
  56.5	0
  57.5	1
  58.5	0
  59.5	0
  60.5	0
  61.5	0
  62.5	0
  63.5	0
  64.5	0
  65.5	0
  66.5	0
  67.5	0
  68.5	0
  69.5	0
  70.5	0
  71.5	0
  72.5	0
  73.5	0
  74.5	0
  75.5	0
  76.5	0
  77.5	0
  78.5	0
  79.5	0
  80.5	0
  81.5	0
  82.5	0
  83.5	0
  84.5	0
  85.5	0
  86.5	0
  87.5	0
  88.5	0
  89.5	0
  90.5	0
  91.5	0
  92.5	0
  93.5	0
  94.5	0
  95.5	0
  96.5	0
  97.5	0
  98.5	0
  99.5	1
 100.5	0
 101.5	0
 102.5	0
 103.5	0
 104.5	0
 105.5	0
 106.5	0
 107.5	0
DB 1 MOTIF	6-CAGCTGC	STREME-6
-110.0	0
-109.0	0.25
-108.0	0
-107.0	0
-106.0	0.25
-105.0	0.25
-104.0	0
-103.0	0
-102.0	0
-101.0	0
-100.0	0
 -99.0	0
 -98.0	0.25
 -97.0	0.25
 -96.0	0.1
 -95.0	0
 -94.0	0
 -93.0	0
 -92.0	0
 -91.0	0
 -90.0	0
 -89.0	0
 -88.0	0
 -87.0	0
 -86.0	0
 -85.0	1.2
 -84.0	0
 -83.0	0
 -82.0	0.5
 -81.0	0
 -80.0	0
 -79.0	0
 -78.0	0.1
 -77.0	0
 -76.0	0
 -75.0	0.2
 -74.0	0.25
 -73.0	0.25
 -72.0	0
 -71.0	0
 -70.0	0
 -69.0	0
 -68.0	1.5
 -67.0	0
 -66.0	0
 -65.0	0
 -64.0	0.5
 -63.0	0
 -62.0	0.5
 -61.0	0.111111
 -60.0	0.1
 -59.0	0
 -58.0	0
 -57.0	0.5
 -56.0	1.16667
 -55.0	0
 -54.0	0.5
 -53.0	0.333333
 -52.0	0
 -51.0	0.25
 -50.0	0.25
 -49.0	0
 -48.0	0
 -47.0	0
 -46.0	1
 -45.0	1.25
 -44.0	1.75
 -43.0	0.333333
 -42.0	0.1
 -41.0	0
 -40.0	0
 -39.0	0
 -38.0	1
 -37.0	1.5
 -36.0	1
 -35.0	0.5
 -34.0	0.5
 -33.0	0
 -32.0	0.833333
 -31.0	0.333333
 -30.0	0.333333
 -29.0	0.5
 -28.0	0.933333
 -27.0	0.833333
 -26.0	0.666667
 -25.0	1.33333
 -24.0	0
 -23.0	1.5
 -22.0	0
 -21.0	0.333333
 -20.0	0.666667
 -19.0	1.33333
 -18.0	0
 -17.0	0
 -16.0	0
 -15.0	2.5
 -14.0	1.5
 -13.0	1
 -12.0	1.5
 -11.0	1.5
 -10.0	1.1
  -9.0	0.333333
  -8.0	0
  -7.0	0.5
  -6.0	2
  -5.0	0.333333
  -4.0	0
  -3.0	1.25
  -2.0	0.111111
  -1.0	0
   0.0	0
   1.0	2
   2.0	0
   3.0	1.25
   4.0	0.35
   5.0	1
   6.0	1.33333
   7.0	0.333333
   8.0	1.33333
   9.0	0.833333
  10.0	0.5
  11.0	0.5
  12.0	2
  13.0	0.444444
  14.0	0
  15.0	1.5
  16.0	0
  17.0	0.5
  18.0	1.2
  19.0	0
  20.0	1
  21.0	0
  22.0	0.1
  23.0	0
  24.0	1.33333
  25.0	0
  26.0	2.5
  27.0	1
  28.0	1.61111
  29.0	0
  30.0	1
  31.0	0.5
  32.0	2.25
  33.0	1.75
  34.0	0
  35.0	1
  36.0	0
  37.0	0
  38.0	0
  39.0	0.333333
  40.0	0.1
  41.0	0
  42.0	0.5
  43.0	0.611111
  44.0	0.5
  45.0	1.5
  46.0	0.5
  47.0	0.7
  48.0	0.2
  49.0	0
  50.0	0
  51.0	0
  52.0	0
  53.0	0.5
  54.0	0.1
  55.0	2
  56.0	1
  57.0	1
  58.0	0.111111
  59.0	0
  60.0	0
  61.0	0
  62.0	0.333333
  63.0	0
  64.0	0
  65.0	0
  66.0	0
  67.0	0
  68.0	0
  69.0	0
  70.0	0
  71.0	0
  72.0	0
  73.0	0.111111
  74.0	0
  75.0	0
  76.0	0
  77.0	0
  78.0	1
  79.0	0
  80.0	0
  81.0	0
  82.0	0
  83.0	0
  84.0	0
  85.0	0
  86.0	0.333333
  87.0	0.333333
  88.0	0.111111
  89.0	0
  90.0	0.333333
  91.0	0.333333
  92.0	0
  93.0	0
  94.0	0
  95.0	0
  96.0	0
  97.0	0.5
  98.0	0
  99.0	1
 100.0	0
 101.0	1
 102.0	0
 103.0	0.111111
 104.0	0
 105.0	0
 106.0	0
 107.0	0
 108.0	0
 109.0	0
 110.0	0
DB 1 MOTIF	11-ACAGCTGT	STREME-11
-109.5	1
-108.5	0
-107.5	0
-106.5	1
-105.5	0
-104.5	0
-103.5	1
-102.5	0
-101.5	0
-100.5	0
 -99.5	0
 -98.5	0
 -97.5	0
 -96.5	0.1
 -95.5	0
 -94.5	0
 -93.5	0
 -92.5	0
 -91.5	0
 -90.5	0
 -89.5	1
 -88.5	0
 -87.5	1
 -86.5	0
 -85.5	1
 -84.5	0
 -83.5	0
 -82.5	0.5
 -81.5	0
 -80.5	0
 -79.5	0
 -78.5	0.1
 -77.5	0
 -76.5	0
 -75.5	0
 -74.5	0
 -73.5	0
 -72.5	0
 -71.5	0
 -70.5	0
 -69.5	0
 -68.5	1
 -67.5	0
 -66.5	0
 -65.5	0
 -64.5	0
 -63.5	0
 -62.5	0.5
 -61.5	0
 -60.5	0.1
 -59.5	0
 -58.5	0
 -57.5	0
 -56.5	0
 -55.5	1
 -54.5	0
 -53.5	0
 -52.5	0
 -51.5	0
 -50.5	0
 -49.5	0
 -48.5	0
 -47.5	0
 -46.5	0
 -45.5	0
 -44.5	0
 -43.5	0
 -42.5	0.1
 -41.5	0
 -40.5	0
 -39.5	1
 -38.5	0
 -37.5	1
 -36.5	1
 -35.5	0
 -34.5	0
 -33.5	0
 -32.5	1
 -31.5	0
 -30.5	0
 -29.5	0
 -28.5	1.1
 -27.5	0
 -26.5	0
 -25.5	1
 -24.5	1
 -23.5	0
 -22.5	1
 -21.5	0
 -20.5	0
 -19.5	0
 -18.5	1
 -17.5	0
 -16.5	0
 -15.5	0
 -14.5	1
 -13.5	0.5
 -12.5	0
 -11.5	0
 -10.5	1.1
  -9.5	1
  -8.5	0
  -7.5	0
  -6.5	1
  -5.5	0
  -4.5	0
  -3.5	0
  -2.5	0
  -1.5	1
  -0.5	0
   0.5	1
   1.5	0
   2.5	0
   3.5	0.1
   4.5	0
   5.5	0
   6.5	0
   7.5	0
   8.5	1
   9.5	0
  10.5	0
  11.5	1.5
  12.5	0
  13.5	0
  14.5	0
  15.5	1
  16.5	0
  17.5	0
  18.5	0
  19.5	0
  20.5	0
  21.5	0.1
  22.5	0
  23.5	1
  24.5	0
  25.5	0
  26.5	1
  27.5	1
  28.5	0
  29.5	0
  30.5	0
  31.5	0
  32.5	0
  33.5	0
  34.5	0.5
  35.5	0
  36.5	1
  37.5	0
  38.5	0
  39.5	0.1
  40.5	0
  41.5	0
  42.5	0
  43.5	1
  44.5	1
  45.5	0
  46.5	1
  47.5	0
  48.5	0
  49.5	0
  50.5	0
  51.5	0
  52.5	0
  53.5	0.1
  54.5	1
  55.5	0
  56.5	0
  57.5	0
  58.5	0
  59.5	0
  60.5	0
  61.5	0
  62.5	0
  63.5	0
  64.5	0
  65.5	0
  66.5	0
  67.5	0
  68.5	0
  69.5	0
  70.5	0
  71.5	1
  72.5	0
  73.5	0
  74.5	0
  75.5	0
  76.5	0
  77.5	0
  78.5	0
  79.5	0
  80.5	0
  81.5	0
  82.5	0
  83.5	0
  84.5	0
  85.5	0
  86.5	0
  87.5	0
  88.5	0
  89.5	0
  90.5	0
  91.5	0
  92.5	0
  93.5	0
  94.5	0
  95.5	0
  96.5	0
  97.5	0
  98.5	0
  99.5	0
 100.5	0.5
 101.5	1
 102.5	0
 103.5	0
 104.5	0
 105.5	1
 106.5	0
 107.5	0
 108.5	0
 109.5	0
DB 1 MOTIF	15-CATCTGC	STREME-15
-110.0	0
-109.0	0
-108.0	0
-107.0	0
-106.0	0
-105.0	0
-104.0	0
-103.0	1
-102.0	0
-101.0	0
-100.0	0
 -99.0	0
 -98.0	0.5
 -97.0	0
 -96.0	0.6
 -95.0	0
 -94.0	0
 -93.0	0
 -92.0	0
 -91.0	0
 -90.0	0
 -89.0	0
 -88.0	0
 -87.0	0
 -86.0	0
 -85.0	0.5
 -84.0	0
 -83.0	0.5
 -82.0	1.5
 -81.0	0
 -80.0	0
 -79.0	0
 -78.0	0.933333
 -77.0	0
 -76.0	0
 -75.0	0
 -74.0	2
 -73.0	0
 -72.0	0
 -71.0	1
 -70.0	0
 -69.0	0
 -68.0	2
 -67.0	0.166667
 -66.0	0.333333
 -65.0	0
 -64.0	0.25
 -63.0	0
 -62.0	0
 -61.0	0.111111
 -60.0	0.1
 -59.0	0
 -58.0	0
 -57.0	1
 -56.0	0.5
 -55.0	0
 -54.0	0.5
 -53.0	0.333333
 -52.0	0
 -51.0	0
 -50.0	0
 -49.0	0
 -48.0	0
 -47.0	0
 -46.0	0
 -45.0	0.5
 -44.0	0.5
 -43.0	0
 -42.0	0.1
 -41.0	0
 -40.0	1
 -39.0	0
 -38.0	0.5
 -37.0	1
 -36.0	0
 -35.0	0.666667
 -34.0	0
 -33.0	0
 -32.0	0.5
 -31.0	0.5
 -30.0	0
 -29.0	0.5
 -28.0	0.1
 -27.0	0
 -26.0	0.333333
 -25.0	0.666667
 -24.0	0
 -23.0	1.5
 -22.0	0
 -21.0	1
 -20.0	1.16667
 -19.0	0.166667
 -18.0	0
 -17.0	0
 -16.0	0
 -15.0	2
 -14.0	0.333333
 -13.0	1.5
 -12.0	1
 -11.0	1
 -10.0	1.1
  -9.0	0.25
  -8.0	0.333333
  -7.0	1.33333
  -6.0	2
  -5.0	0.333333
  -4.0	0
  -3.0	0
  -2.0	0.111111
  -1.0	0
   0.0	0
   1.0	1.5
   2.0	0.5
   3.0	1.5
   4.0	0.266667
   5.0	0.5
   6.0	0.75
   7.0	1.25
   8.0	0.5
   9.0	0
  10.0	0.333333
  11.0	0.333333
  12.0	0.5
  13.0	0.111111
  14.0	0
  15.0	1
  16.0	0
  17.0	0.5
  18.0	1.5
  19.0	0.333333
  20.0	2
  21.0	0
  22.0	0.1
  23.0	0
  24.0	1.5
  25.0	2.75
  26.0	2
  27.0	0.5
  28.0	0.111111
  29.0	0
  30.0	1
  31.0	0.5
  32.0	1.5
  33.0	2
  34.0	0
  35.0	0
  36.0	0
  37.0	0
  38.0	0
  39.0	1
  40.0	1.1
  41.0	0
  42.0	0
  43.0	1.44444
  44.0	0.5
  45.0	1.5
  46.0	0.5
  47.0	0.5
  48.0	1.25
  49.0	0
  50.0	0
  51.0	0
  52.0	0
  53.0	0.25
  54.0	0.1
  55.0	1
  56.0	0.75
  57.0	0.333333
  58.0	0.111111
  59.0	1
  60.0	0
  61.0	0.833333
  62.0	0
  63.0	0
  64.0	0.5
  65.0	0.5
  66.0	0
  67.0	1
  68.0	0
  69.0	0
  70.0	0
  71.0	0
  72.0	0
  73.0	0.111111
  74.0	0
  75.0	0.5
  76.0	0
  77.0	0
  78.0	0.5
  79.0	1
  80.0	0
  81.0	0.5
  82.0	0
  83.0	0
  84.0	0
  85.0	0
  86.0	0.5
  87.0	0
  88.0	0.111111
  89.0	0.5
  90.0	0
  91.0	0
  92.0	0
  93.0	0
  94.0	0
  95.0	1
  96.0	0
  97.0	0.833333
  98.0	0
  99.0	0
 100.0	0
 101.0	0.5
 102.0	0
 103.0	0.111111
 104.0	0
 105.0	0
 106.0	0
 107.0	0.5
 108.0	0
 109.0	1
 110.0	0
