********************************************************************************
STREME - Sensitive, Thorough, Rapid, Enriched Motif Elicitation
********************************************************************************
MEME version 5.5.1 (Release date: Sun Jan 29 10:33:12 2023 -0800)

For further information on how to interpret these results please access http://localhost:8080/meme_5.5.1.
To get a copy of the MEME Suite software please access https://meme-suite.org.

********************************************************************************


********************************************************************************
REFERENCE
********************************************************************************
If you use this program in your research, please cite:

Timothy L. Bailey,
"STREME: accurate and versatile sequence motif discovery",
Bioinformatics, Mar. 24, 2021.
********************************************************************************


ALPHABET= ACGT

strands: + -

Background letter frequencies
A 0.225 C 0.275 G 0.275 T 0.225 

MOTIF 1-RGCAGCTGCY STREME-1
letter-probability matrix: alength= 4 w= 10 nsites= 6564 E= 3.3e-091
 0.427687 0.081990 0.367753 0.122571
 0.197110 0.254962 0.546223 0.001705
 0.000013 0.999958 0.000016 0.000013
 0.999956 0.000016 0.000016 0.000013
 0.000013 0.165227 0.741778 0.092983
 0.092983 0.741778 0.165227 0.000013
 0.000013 0.000016 0.000016 0.999956
 0.000013 0.000016 0.999958 0.000013
 0.001705 0.546223 0.254962 0.197110
 0.122571 0.367753 0.081990 0.427687

MOTIF 2-AACAAWRG STREME-2
letter-probability matrix: alength= 4 w= 8 nsites= 1895 E= 1.4e-007
 0.616370 0.042326 0.243317 0.097987
 0.972870 0.000072 0.000072 0.026986
 0.000059 0.983443 0.016439 0.000059
 0.963352 0.000072 0.021693 0.014882
 0.999797 0.000072 0.000072 0.000059
 0.525138 0.026292 0.000072 0.448498
 0.335671 0.018045 0.638232 0.008051
 0.170688 0.121692 0.677357 0.030263

MOTIF 3-CCCCTCCCCCAYC STREME-3
letter-probability matrix: alength= 4 w= 13 nsites= 457 E= 8.6e-007
 0.010539 0.897602 0.000104 0.091756
 0.000085 0.950069 0.005331 0.044515
 0.000085 0.999727 0.000104 0.000085
 0.072820 0.825901 0.000104 0.101176
 0.254133 0.037710 0.148631 0.559527
 0.000085 0.999727 0.000104 0.000085
 0.000085 0.999727 0.000104 0.000085
 0.000085 0.905547 0.000104 0.094265
 0.069121 0.907169 0.023625 0.000085
 0.042987 0.940059 0.006415 0.010539
 0.513713 0.231008 0.028852 0.226427
 0.195216 0.457065 0.095367 0.252351
 0.114115 0.515764 0.143293 0.226828

MOTIF 4-ATGCAAATGA STREME-4
letter-probability matrix: alength= 4 w= 10 nsites= 404 E= 3.1e-006
 0.877566 0.011015 0.042801 0.068617
 0.032997 0.020532 0.023005 0.923466
 0.051070 0.030795 0.824825 0.093310
 0.066471 0.710904 0.094690 0.127935
 0.765985 0.036435 0.038296 0.159284
 0.939931 0.022392 0.018229 0.019448
 0.912304 0.025719 0.035683 0.026294
 0.005616 0.051021 0.007572 0.935792
 0.072018 0.112911 0.737332 0.077740
 0.727225 0.060590 0.093573 0.118613

MOTIF 5-RGCAGGTGASRR STREME-5
letter-probability matrix: alength= 4 w= 12 nsites= 408 E= 2.2e-005
 0.522150 0.000144 0.477587 0.000118
 0.032274 0.000144 0.967463 0.000118
 0.003760 0.995977 0.000144 0.000118
 0.985026 0.000144 0.014711 0.000118
 0.073845 0.000144 0.925893 0.000118
 0.000118 0.180388 0.819376 0.000118
 0.000118 0.003786 0.000144 0.995951
 0.000118 0.000144 0.999619 0.000118
 0.714170 0.000144 0.000144 0.285541
 0.067026 0.255507 0.506800 0.170666
 0.574567 0.000144 0.300639 0.124649
 0.238538 0.156201 0.454827 0.150435

MOTIF 6-CAGCTGC STREME-6
letter-probability matrix: alength= 4 w= 7 nsites= 717 E= 3.0e-002
 0.020464 0.934082 0.024991 0.020464
 0.929555 0.024991 0.024991 0.020464
 0.020464 0.024991 0.934082 0.020464
 0.020464 0.934082 0.024991 0.020464
 0.020464 0.024991 0.024991 0.929555
 0.020464 0.024991 0.934082 0.020464
 0.020464 0.934082 0.024991 0.020464

MOTIF 7-GACTCC STREME-7
letter-probability matrix: alength= 4 w= 6 nsites= 1261 E= 1.2e-001
 0.076704 0.000869 0.913384 0.009043
 0.997551 0.000869 0.000869 0.000711
 0.000711 0.936176 0.062402 0.000711
 0.000711 0.000869 0.035653 0.962767
 0.147103 0.646883 0.000869 0.205146
 0.215199 0.730652 0.053438 0.000711

MOTIF 8-CTCCCAC STREME-8
letter-probability matrix: alength= 4 w= 7 nsites= 315 E= 1.6e-001
 0.020464 0.934082 0.024991 0.020464
 0.020464 0.024991 0.024991 0.929555
 0.020464 0.934082 0.024991 0.020464
 0.020464 0.934082 0.024991 0.020464
 0.020464 0.934082 0.024991 0.020464
 0.929555 0.024991 0.024991 0.020464
 0.020464 0.934082 0.024991 0.020464

MOTIF 9-GGTTRCCATGGYAACC STREME-9
letter-probability matrix: alength= 4 w= 16 nsites= 102 E= 2.9e-001
 0.100149 0.075239 0.666197 0.158414
 0.116796 0.012815 0.853472 0.016917
 0.021079 0.025300 0.029462 0.924160
 0.054372 0.191766 0.046108 0.707754
 0.245809 0.075240 0.470598 0.208353
 0.000270 0.890927 0.012815 0.095988
 0.008594 0.853471 0.004492 0.133444
 0.870058 0.050270 0.029462 0.050210
 0.050210 0.029462 0.050270 0.870058
 0.133444 0.004492 0.853471 0.008594
 0.095988 0.012815 0.890927 0.000270
 0.208353 0.470598 0.075240 0.245809
 0.707754 0.046108 0.191766 0.054372
 0.924160 0.029462 0.025300 0.021079
 0.016917 0.853472 0.012815 0.116796
 0.158414 0.666197 0.075239 0.100149

MOTIF 10-AAAGAAAG STREME-10
letter-probability matrix: alength= 4 w= 8 nsites= 241 E= 3.3e-001
 0.770179 0.020291 0.055108 0.154423
 0.976760 0.000829 0.000829 0.021582
 0.775575 0.021732 0.000829 0.201864
 0.000679 0.000829 0.997813 0.000679
 0.963648 0.000829 0.000829 0.034694
 0.976760 0.000829 0.000829 0.021582
 0.846382 0.027417 0.032855 0.093346
 0.106346 0.132173 0.732415 0.029066

MOTIF 11-ACAGCTGT STREME-11
letter-probability matrix: alength= 4 w= 8 nsites= 161 E= 4.6e-001
 0.929555 0.024991 0.024991 0.020464
 0.020464 0.934082 0.024991 0.020464
 0.929555 0.024991 0.024991 0.020464
 0.020464 0.024991 0.934082 0.020464
 0.020464 0.934082 0.024991 0.020464
 0.020464 0.024991 0.024991 0.929555
 0.020464 0.024991 0.934082 0.020464
 0.020464 0.024991 0.024991 0.929555

MOTIF 12-ACCTGCTGAGAGGC STREME-12
letter-probability matrix: alength= 4 w= 14 nsites= 48 E= 5.9e-001
 0.831344 0.119516 0.024655 0.024485
 0.000770 0.950090 0.048370 0.000770
 0.024485 0.973805 0.000941 0.000770
 0.000770 0.048370 0.000941 0.949920
 0.095629 0.024655 0.855231 0.024485
 0.000770 0.997519 0.000941 0.000770
 0.048199 0.024655 0.048370 0.878776
 0.000770 0.000941 0.997519 0.000770
 0.973634 0.000941 0.024655 0.000770
 0.000770 0.000941 0.997519 0.000770
 0.997349 0.000941 0.000941 0.000770
 0.000770 0.000941 0.926375 0.071914
 0.048199 0.024655 0.926375 0.000770
 0.000770 0.997519 0.000941 0.000770

MOTIF 13-CTCTTCTCCAAG STREME-13
letter-probability matrix: alength= 4 w= 12 nsites= 37 E= 5.9e-001
 0.000800 0.997423 0.000977 0.000800
 0.000800 0.000977 0.025616 0.972607
 0.050078 0.948145 0.000977 0.000800
 0.099358 0.000977 0.025616 0.874049
 0.066788 0.148817 0.025616 0.758779
 0.000800 0.948145 0.000977 0.050078
 0.000800 0.025616 0.000977 0.972607
 0.000800 0.997423 0.000977 0.000800
 0.000800 0.874228 0.074894 0.050078
 0.750855 0.050257 0.025616 0.173272
 0.972607 0.000977 0.025616 0.000800
 0.000800 0.025616 0.898867 0.074717

MOTIF 14-AGCCATCTRGG STREME-14
letter-probability matrix: alength= 4 w= 11 nsites= 77 E= 6.6e-001
 0.918676 0.080176 0.000631 0.000517
 0.150329 0.000631 0.848524 0.000517
 0.000517 0.950610 0.000631 0.048243
 0.000517 0.998336 0.000631 0.000517
 0.998221 0.000631 0.000631 0.000517
 0.048247 0.115914 0.000631 0.835207
 0.016425 0.918788 0.064270 0.000517
 0.000517 0.032448 0.016540 0.950495
 0.357175 0.000631 0.609860 0.032334
 0.088674 0.000631 0.735158 0.175537
 0.000517 0.000631 0.998336 0.000517

MOTIF 15-CATCTGC STREME-15
letter-probability matrix: alength= 4 w= 7 nsites= 190 E= 9.1e-001
 0.020464 0.934082 0.024991 0.020464
 0.929555 0.024991 0.024991 0.020464
 0.020464 0.024991 0.024991 0.929555
 0.020464 0.934082 0.024991 0.020464
 0.020464 0.024991 0.024991 0.929555
 0.020464 0.024991 0.934082 0.020464
 0.020464 0.934082 0.024991 0.020464

MOTIF 16-TTAATTA STREME-16
letter-probability matrix: alength= 4 w= 7 nsites= 1405 E= 9.2e-001
 0.076625 0.035238 0.203381 0.684756
 0.006539 0.028601 0.035014 0.929846
 0.672585 0.219476 0.092758 0.015181
 0.758954 0.009130 0.060076 0.171840
 0.191092 0.125923 0.066097 0.616888
 0.006219 0.000343 0.038691 0.954747
 0.999034 0.000343 0.000343 0.000281

MOTIF 17-AGTSACT STREME-17
letter-probability matrix: alength= 4 w= 7 nsites= 332 E= 2.0e+000
 0.929555 0.024991 0.024991 0.020464
 0.020464 0.024991 0.934082 0.020464
 0.020464 0.024991 0.024991 0.929555
 0.020464 0.479536 0.479536 0.020464
 0.929555 0.024991 0.024991 0.020464
 0.020464 0.934082 0.024991 0.020464
 0.020464 0.024991 0.024991 0.929555

MOTIF 18-CTCTCTTCCC STREME-18
letter-probability matrix: alength= 4 w= 10 nsites= 91 E= 9.5e+000
 0.083751 0.644301 0.075104 0.196844
 0.039927 0.000551 0.067598 0.891924
 0.059944 0.674034 0.000551 0.265472
 0.113129 0.000551 0.125699 0.760622
 0.045495 0.953503 0.000551 0.000451
 0.009490 0.000551 0.000551 0.989409
 0.097623 0.000551 0.000551 0.901276
 0.003124 0.954229 0.042195 0.000451
 0.134806 0.844551 0.020192 0.000451
 0.000451 0.998548 0.000551 0.000451

MOTIF 19-AAACAAA STREME-19
letter-probability matrix: alength= 4 w= 7 nsites= 502 E= 1.1e+001
 0.913023 0.027297 0.055204 0.004476
 0.739145 0.222965 0.021267 0.016623
 0.961807 0.014145 0.000670 0.023379
 0.000548 0.741974 0.177138 0.080340
 0.869072 0.034482 0.069540 0.026906
 0.992153 0.000670 0.000670 0.006508
 0.955559 0.018169 0.008981 0.017291

********************************************************************************
Stopped because 3 consecutive motifs exceeded the p-value threshold (0.05).
********************************************************************************
COMMAND:	streme --verbosity 1 --oc memechip_out/streme_out -dna --p memechip_out/seqs-centered --minw 6 --maxw 15 --order 2
********************************************************************************
CPU:		c91b168878c4
********************************************************************************
FINALTIME:	134.58 seconds
********************************************************************************
